Dummy,Age,Gender,Q6_4_TEXT,Education,ID,SC,Choice situation,option1.cost,option2.cost,option1.method.effect_1,option1.method.effect_2,option1.method.effect_3,option1.method.effect_4,option2.method.effect_1,option2.method.effect_2,option2.method.effect_3,option2.method.effect_4,option1.trust.effect_1,option1.trust.effect_2,option2.trust.effect_1,option2.trust.effect_2
1,2,1,,6,R_17BW5HKhoivo9hC,2,27,1,0,0,0,0,1,0,0,1,0,-1,-1,0,1
1,2,1,,6,R_17BW5HKhoivo9hC,1,2,0,0,0,0,1,0,0,1,0,0,-1,-1,0,1
1,2,1,,6,R_17BW5HKhoivo9hC,1,30,0,1,-1,-1,-1,-1,0,1,0,0,1,0,0,1
1,2,1,,6,R_17BW5HKhoivo9hC,2,17,1,0,0,0,1,0,0,1,0,0,-1,-1,1,0
1,2,1,,6,R_17BW5HKhoivo9hC,1,24,0,1,1,0,0,0,0,1,0,0,1,0,-1,-1
1,2,1,,6,R_17BW5HKhoivo9hC,1,11,0,1,0,0,1,0,1,0,0,0,0,1,1,0
1,2,1,,6,R_17BW5HKhoivo9hC,1,5,0,1,0,0,0,1,0,0,1,0,1,0,0,1
1,2,1,,6,R_17BW5HKhoivo9hC,2,25,0,1,0,1,0,0,1,0,0,0,1,0,-1,-1
1,2,1,,6,R_17BW5HKhoivo9hC,2,26,0,1,1,0,-1,-1,-1,-1,0,0,-1,-1,1,0
1,2,1,,6,R_17BW5HKhoivo9hC,2,4,1,0,-1,-1,-1,-1,1,0,0,0,0,1,1,0
1,4,1,,7,R_1dZocr6ezN6DBwn,1,11,0,1,0,0,1,0,1,0,0,0,0,1,1,0
1,4,1,,7,R_1dZocr6ezN6DBwn,1,26,0,1,1,0,-1,-1,-1,-1,0,0,-1,-1,1,0
1,4,1,,7,R_1dZocr6ezN6DBwn,1,24,0,1,1,0,0,0,0,1,0,0,1,0,-1,-1
1,4,1,,7,R_1dZocr6ezN6DBwn,2,4,1,0,-1,-1,-1,-1,1,0,0,0,0,1,1,0
1,4,1,,7,R_1dZocr6ezN6DBwn,1,30,0,1,-1,-1,-1,-1,0,1,0,0,1,0,0,1
1,4,1,,7,R_1dZocr6ezN6DBwn,1,2,0,0,0,0,1,0,0,1,0,0,-1,-1,0,1
1,4,1,,7,R_1dZocr6ezN6DBwn,2,5,0,1,0,0,0,1,0,0,1,0,1,0,0,1
1,4,1,,7,R_1dZocr6ezN6DBwn,2,17,1,0,0,0,1,0,0,1,0,0,-1,-1,1,0
1,4,1,,7,R_1dZocr6ezN6DBwn,2,27,1,0,0,0,0,1,0,0,1,0,-1,-1,0,1
1,4,1,,7,R_1dZocr6ezN6DBwn,1,25,0,1,0,1,0,0,1,0,0,0,1,0,-1,-1
1,2,1,,6,R_1fxkoxGd0tD1mhH,2,21,0,1,-1,-1,-1,-1,0,0,0,1,0,1,0,1
1,2,1,,6,R_1fxkoxGd0tD1mhH,1,20,0,1,1,0,-1,-1,-1,-1,0,0,0,1,-1,-1
1,2,1,,6,R_1fxkoxGd0tD1mhH,2,28,0,1,0,1,0,0,0,0,0,1,-1,-1,1,0
1,2,1,,6,R_1fxkoxGd0tD1mhH,2,10,0,1,1,0,0,0,0,0,1,0,-1,-1,1,0
1,2,1,,6,R_1fxkoxGd0tD1mhH,1,14,1,1,0,1,-1,-1,-1,-1,0,0,-1,-1,0,1
1,2,1,,6,R_1fxkoxGd0tD1mhH,1,13,0,0,0,1,-1,-1,-1,-1,0,0,0,1,-1,-1
1,2,1,,6,R_1fxkoxGd0tD1mhH,1,18,0,0,0,0,-1,-1,-1,-1,0,0,-1,-1,1,0
1,2,1,,6,R_1fxkoxGd0tD1mhH,2,22,1,0,0,0,0,1,0,0,1,0,-1,-1,1,0
1,2,1,,6,R_1fxkoxGd0tD1mhH,2,12,1,0,0,1,0,0,1,0,0,0,1,0,0,1
1,2,1,,6,R_1fxkoxGd0tD1mhH,1,16,0,1,0,0,1,0,0,1,0,0,1,0,0,1
1,2,2,,4,R_1oZ6tQBJKNg0HTv,1,26,0,1,1,0,-1,-1,-1,-1,0,0,-1,-1,1,0
1,2,2,,4,R_1oZ6tQBJKNg0HTv,2,11,0,1,0,0,1,0,1,0,0,0,0,1,1,0
1,2,2,,4,R_1oZ6tQBJKNg0HTv,1,2,0,0,0,0,1,0,0,1,0,0,-1,-1,0,1
1,2,2,,4,R_1oZ6tQBJKNg0HTv,1,30,0,1,-1,-1,-1,-1,0,1,0,0,1,0,0,1
1,2,2,,4,R_1oZ6tQBJKNg0HTv,1,25,0,1,0,1,0,0,1,0,0,0,1,0,-1,-1
1,2,2,,4,R_1oZ6tQBJKNg0HTv,2,5,0,1,0,0,0,1,0,0,1,0,1,0,0,1
1,2,2,,4,R_1oZ6tQBJKNg0HTv,1,17,1,0,0,0,1,0,0,1,0,0,-1,-1,1,0
1,2,2,,4,R_1oZ6tQBJKNg0HTv,1,24,0,1,1,0,0,0,0,1,0,0,1,0,-1,-1
1,2,2,,4,R_1oZ6tQBJKNg0HTv,2,4,1,0,-1,-1,-1,-1,1,0,0,0,0,1,1,0
1,2,2,,4,R_1oZ6tQBJKNg0HTv,2,27,1,0,0,0,0,1,0,0,1,0,-1,-1,0,1
1,3,2,,8,R_1y3CIEdGIcCFk1C,2,27,1,0,0,0,0,1,0,0,1,0,-1,-1,0,1
1,3,2,,8,R_1y3CIEdGIcCFk1C,1,17,1,0,0,0,1,0,0,1,0,0,-1,-1,1,0
1,3,2,,8,R_1y3CIEdGIcCFk1C,1,25,0,1,0,1,0,0,1,0,0,0,1,0,-1,-1
1,3,2,,8,R_1y3CIEdGIcCFk1C,2,2,0,0,0,0,1,0,0,1,0,0,-1,-1,0,1
1,3,2,,8,R_1y3CIEdGIcCFk1C,2,5,0,1,0,0,0,1,0,0,1,0,1,0,0,1
1,3,2,,8,R_1y3CIEdGIcCFk1C,1,11,0,1,0,0,1,0,1,0,0,0,0,1,1,0
1,3,2,,8,R_1y3CIEdGIcCFk1C,1,26,0,1,1,0,-1,-1,-1,-1,0,0,-1,-1,1,0
1,3,2,,8,R_1y3CIEdGIcCFk1C,2,30,0,1,-1,-1,-1,-1,0,1,0,0,1,0,0,1
1,3,2,,8,R_1y3CIEdGIcCFk1C,2,24,0,1,1,0,0,0,0,1,0,0,1,0,-1,-1
1,3,2,,8,R_1y3CIEdGIcCFk1C,1,4,1,0,-1,-1,-1,-1,1,0,0,0,0,1,1,0
1,5,2,,8,R_20U1NK3hP9kXplN,2,15,1,0,0,1,0,0,0,0,0,1,1,0,0,1
1,5,2,,8,R_20U1NK3hP9kXplN,2,29,1,0,0,0,1,0,0,0,0,1,1,0,0,1
1,5,2,,8,R_20U1NK3hP9kXplN,2,19,1,0,1,0,-1,-1,-1,-1,0,0,1,0,-1,-1
1,5,2,,8,R_20U1NK3hP9kXplN,2,23,1,0,-1,-1,-1,-1,0,0,0,1,-1,-1,-1,-1
1,5,2,,8,R_20U1NK3hP9kXplN,1,6,1,1,-1,-1,-1,-1,0,0,1,0,0,1,-1,-1
1,5,2,,8,R_20U1NK3hP9kXplN,1,3,0,1,-1,-1,-1,-1,1,0,0,0,0,1,1,0
1,5,2,,8,R_20U1NK3hP9kXplN,1,8,1,0,0,0,0,1,0,0,1,0,0,1,-1,-1
1,5,2,,8,R_20U1NK3hP9kXplN,2,7,1,0,0,0,1,0,0,1,0,0,1,0,-1,-1
1,5,2,,8,R_20U1NK3hP9kXplN,1,1,1,1,0,0,0,1,1,0,0,0,0,1,-1,-1
1,5,2,,8,R_20U1NK3hP9kXplN,1,9,1,0,1,0,0,0,0,0,0,1,0,1,1,0
1,2,1,,6,R_2DUhbWQiuXLpoTg,2,23,1,0,-1,-1,-1,-1,0,0,0,1,-1,-1,-1,-1
1,2,1,,6,R_2DUhbWQiuXLpoTg,2,3,0,1,-1,-1,-1,-1,1,0,0,0,0,1,1,0
1,2,1,,6,R_2DUhbWQiuXLpoTg,2,6,1,1,-1,-1,-1,-1,0,0,1,0,0,1,-1,-1
1,2,1,,6,R_2DUhbWQiuXLpoTg,2,29,1,0,0,0,1,0,0,0,0,1,1,0,0,1
1,2,1,,6,R_2DUhbWQiuXLpoTg,1,19,1,0,1,0,-1,-1,-1,-1,0,0,1,0,-1,-1
1,2,1,,6,R_2DUhbWQiuXLpoTg,2,8,1,0,0,0,0,1,0,0,1,0,0,1,-1,-1
1,2,1,,6,R_2DUhbWQiuXLpoTg,1,1,1,1,0,0,0,1,1,0,0,0,0,1,-1,-1
1,2,1,,6,R_2DUhbWQiuXLpoTg,1,7,1,0,0,0,1,0,0,1,0,0,1,0,-1,-1
1,2,1,,6,R_2DUhbWQiuXLpoTg,2,9,1,0,1,0,0,0,0,0,0,1,0,1,1,0
1,2,1,,6,R_2DUhbWQiuXLpoTg,2,15,1,0,0,1,0,0,0,0,0,1,1,0,0,1
1,3,1,,8,R_2ECRsCC7PQ9nqqR,2,15,1,0,0,1,0,0,0,0,0,1,1,0,0,1
1,3,1,,8,R_2ECRsCC7PQ9nqqR,1,7,1,0,0,0,1,0,0,1,0,0,1,0,-1,-1
1,3,1,,8,R_2ECRsCC7PQ9nqqR,1,1,1,1,0,0,0,1,1,0,0,0,0,1,-1,-1
1,3,1,,8,R_2ECRsCC7PQ9nqqR,2,3,0,1,-1,-1,-1,-1,1,0,0,0,0,1,1,0
1,3,1,,8,R_2ECRsCC7PQ9nqqR,2,8,1,0,0,0,0,1,0,0,1,0,0,1,-1,-1
1,3,1,,8,R_2ECRsCC7PQ9nqqR,2,6,1,1,-1,-1,-1,-1,0,0,1,0,0,1,-1,-1
1,3,1,,8,R_2ECRsCC7PQ9nqqR,2,9,1,0,1,0,0,0,0,0,0,1,0,1,1,0
1,3,1,,8,R_2ECRsCC7PQ9nqqR,2,19,1,0,1,0,-1,-1,-1,-1,0,0,1,0,-1,-1
1,3,1,,8,R_2ECRsCC7PQ9nqqR,2,29,1,0,0,0,1,0,0,0,0,1,1,0,0,1
1,3,1,,8,R_2ECRsCC7PQ9nqqR,2,23,1,0,-1,-1,-1,-1,0,0,0,1,-1,-1,-1,-1
1,5,5,,8,R_2PYxaDHnR7n6IgV,1,8,1,0,0,0,0,1,0,0,1,0,0,1,-1,-1
1,5,5,,8,R_2PYxaDHnR7n6IgV,2,9,1,0,1,0,0,0,0,0,0,1,0,1,1,0
1,5,5,,8,R_2PYxaDHnR7n6IgV,1,7,1,0,0,0,1,0,0,1,0,0,1,0,-1,-1
1,5,5,,8,R_2PYxaDHnR7n6IgV,2,15,1,0,0,1,0,0,0,0,0,1,1,0,0,1
1,5,5,,8,R_2PYxaDHnR7n6IgV,2,29,1,0,0,0,1,0,0,0,0,1,1,0,0,1
1,5,5,,8,R_2PYxaDHnR7n6IgV,1,1,1,1,0,0,0,1,1,0,0,0,0,1,-1,-1
1,5,5,,8,R_2PYxaDHnR7n6IgV,2,6,1,1,-1,-1,-1,-1,0,0,1,0,0,1,-1,-1
1,5,5,,8,R_2PYxaDHnR7n6IgV,1,19,1,0,1,0,-1,-1,-1,-1,0,0,1,0,-1,-1
1,5,5,,8,R_2PYxaDHnR7n6IgV,2,3,0,1,-1,-1,-1,-1,1,0,0,0,0,1,1,0
1,5,5,,8,R_2PYxaDHnR7n6IgV,2,23,1,0,-1,-1,-1,-1,0,0,0,1,-1,-1,-1,-1
2,4,1,,6,R_2WOV76nRgvhNKtZ,2,22,1,0,0,0,0,1,0,0,1,0,-1,-1,1,0
2,4,1,,6,R_2WOV76nRgvhNKtZ,2,16,0,1,0,0,1,0,0,1,0,0,1,0,0,1
2,4,1,,6,R_2WOV76nRgvhNKtZ,1,18,0,0,0,0,-1,-1,-1,-1,0,0,-1,-1,1,0
2,4,1,,6,R_2WOV76nRgvhNKtZ,2,10,0,1,1,0,0,0,0,0,1,0,-1,-1,1,0
2,4,1,,6,R_2WOV76nRgvhNKtZ,2,13,0,0,0,1,-1,-1,-1,-1,0,0,0,1,-1,-1
2,4,1,,6,R_2WOV76nRgvhNKtZ,2,21,0,1,-1,-1,-1,-1,0,0,0,1,0,1,0,1
2,4,1,,6,R_2WOV76nRgvhNKtZ,1,14,1,1,0,1,-1,-1,-1,-1,0,0,-1,-1,0,1
2,4,1,,6,R_2WOV76nRgvhNKtZ,2,28,0,1,0,1,0,0,0,0,0,1,-1,-1,1,0
2,4,1,,6,R_2WOV76nRgvhNKtZ,1,20,0,1,1,0,-1,-1,-1,-1,0,0,0,1,-1,-1
2,4,1,,6,R_2WOV76nRgvhNKtZ,2,12,1,0,0,1,0,0,1,0,0,0,1,0,0,1
1,2,1,,4,R_2YDRiQf7gyX7Ogx,1,13,0,0,0,1,-1,-1,-1,-1,0,0,0,1,-1,-1
1,2,1,,4,R_2YDRiQf7gyX7Ogx,2,21,0,1,-1,-1,-1,-1,0,0,0,1,0,1,0,1
1,2,1,,4,R_2YDRiQf7gyX7Ogx,1,14,1,1,0,1,-1,-1,-1,-1,0,0,-1,-1,0,1
1,2,1,,4,R_2YDRiQf7gyX7Ogx,2,10,0,1,1,0,0,0,0,0,1,0,-1,-1,1,0
1,2,1,,4,R_2YDRiQf7gyX7Ogx,1,12,1,0,0,1,0,0,1,0,0,0,1,0,0,1
1,2,1,,4,R_2YDRiQf7gyX7Ogx,2,16,0,1,0,0,1,0,0,1,0,0,1,0,0,1
1,2,1,,4,R_2YDRiQf7gyX7Ogx,2,28,0,1,0,1,0,0,0,0,0,1,-1,-1,1,0
1,2,1,,4,R_2YDRiQf7gyX7Ogx,2,20,0,1,1,0,-1,-1,-1,-1,0,0,0,1,-1,-1
1,2,1,,4,R_2YDRiQf7gyX7Ogx,1,18,0,0,0,0,-1,-1,-1,-1,0,0,-1,-1,1,0
1,2,1,,4,R_2YDRiQf7gyX7Ogx,2,22,1,0,0,0,0,1,0,0,1,0,-1,-1,1,0
1,3,2,,7,R_2amq5ACWrtQTJgg,2,12,1,0,0,1,0,0,1,0,0,0,1,0,0,1
1,3,2,,7,R_2amq5ACWrtQTJgg,1,18,0,0,0,0,-1,-1,-1,-1,0,0,-1,-1,1,0
1,3,2,,7,R_2amq5ACWrtQTJgg,2,22,1,0,0,0,0,1,0,0,1,0,-1,-1,1,0
1,3,2,,7,R_2amq5ACWrtQTJgg,1,10,0,1,1,0,0,0,0,0,1,0,-1,-1,1,0
1,3,2,,7,R_2amq5ACWrtQTJgg,1,21,0,1,-1,-1,-1,-1,0,0,0,1,0,1,0,1
1,3,2,,7,R_2amq5ACWrtQTJgg,1,16,0,1,0,0,1,0,0,1,0,0,1,0,0,1
1,3,2,,7,R_2amq5ACWrtQTJgg,1,20,0,1,1,0,-1,-1,-1,-1,0,0,0,1,-1,-1
1,3,2,,7,R_2amq5ACWrtQTJgg,2,14,1,1,0,1,-1,-1,-1,-1,0,0,-1,-1,0,1
1,3,2,,7,R_2amq5ACWrtQTJgg,1,28,0,1,0,1,0,0,0,0,0,1,-1,-1,1,0
1,3,2,,7,R_2amq5ACWrtQTJgg,1,13,0,0,0,1,-1,-1,-1,-1,0,0,0,1,-1,-1
1,3,1,,7,R_2cpsbEv14Nv0HmN,2,22,1,0,0,0,0,1,0,0,1,0,-1,-1,1,0
1,3,1,,7,R_2cpsbEv14Nv0HmN,2,28,0,1,0,1,0,0,0,0,0,1,-1,-1,1,0
1,3,1,,7,R_2cpsbEv14Nv0HmN,2,12,1,0,0,1,0,0,1,0,0,0,1,0,0,1
1,3,1,,7,R_2cpsbEv14Nv0HmN,1,14,1,1,0,1,-1,-1,-1,-1,0,0,-1,-1,0,1
1,3,1,,7,R_2cpsbEv14Nv0HmN,1,13,0,0,0,1,-1,-1,-1,-1,0,0,0,1,-1,-1
1,3,1,,7,R_2cpsbEv14Nv0HmN,1,20,0,1,1,0,-1,-1,-1,-1,0,0,0,1,-1,-1
1,3,1,,7,R_2cpsbEv14Nv0HmN,1,16,0,1,0,0,1,0,0,1,0,0,1,0,0,1
1,3,1,,7,R_2cpsbEv14Nv0HmN,2,21,0,1,-1,-1,-1,-1,0,0,0,1,0,1,0,1
1,3,1,,7,R_2cpsbEv14Nv0HmN,1,18,0,0,0,0,-1,-1,-1,-1,0,0,-1,-1,1,0
1,3,1,,7,R_2cpsbEv14Nv0HmN,2,10,0,1,1,0,0,0,0,0,1,0,-1,-1,1,0
1,5,2,,7,R_2dvrz5OIOwMrvP3,2,25,0,1,0,1,0,0,1,0,0,0,1,0,-1,-1
1,5,2,,7,R_2dvrz5OIOwMrvP3,1,5,0,1,0,0,0,1,0,0,1,0,1,0,0,1
1,5,2,,7,R_2dvrz5OIOwMrvP3,1,24,0,1,1,0,0,0,0,1,0,0,1,0,-1,-1
1,5,2,,7,R_2dvrz5OIOwMrvP3,2,4,1,0,-1,-1,-1,-1,1,0,0,0,0,1,1,0
1,5,2,,7,R_2dvrz5OIOwMrvP3,2,11,0,1,0,0,1,0,1,0,0,0,0,1,1,0
1,5,2,,7,R_2dvrz5OIOwMrvP3,2,30,0,1,-1,-1,-1,-1,0,1,0,0,1,0,0,1
1,5,2,,7,R_2dvrz5OIOwMrvP3,2,17,1,0,0,0,1,0,0,1,0,0,-1,-1,1,0
1,5,2,,7,R_2dvrz5OIOwMrvP3,2,2,0,0,0,0,1,0,0,1,0,0,-1,-1,0,1
1,5,2,,7,R_2dvrz5OIOwMrvP3,2,27,1,0,0,0,0,1,0,0,1,0,-1,-1,0,1
1,5,2,,7,R_2dvrz5OIOwMrvP3,1,26,0,1,1,0,-1,-1,-1,-1,0,0,-1,-1,1,0
1,2,1,,6,R_2o9kj7HViDuVEf7,2,12,1,0,0,1,0,0,1,0,0,0,1,0,0,1
1,2,1,,6,R_2o9kj7HViDuVEf7,2,22,1,0,0,0,0,1,0,0,1,0,-1,-1,1,0
1,2,1,,6,R_2o9kj7HViDuVEf7,1,13,0,0,0,1,-1,-1,-1,-1,0,0,0,1,-1,-1
1,2,1,,6,R_2o9kj7HViDuVEf7,1,28,0,1,0,1,0,0,0,0,0,1,-1,-1,1,0
1,2,1,,6,R_2o9kj7HViDuVEf7,2,21,0,1,-1,-1,-1,-1,0,0,0,1,0,1,0,1
1,2,1,,6,R_2o9kj7HViDuVEf7,1,20,0,1,1,0,-1,-1,-1,-1,0,0,0,1,-1,-1
1,2,1,,6,R_2o9kj7HViDuVEf7,2,18,0,0,0,0,-1,-1,-1,-1,0,0,-1,-1,1,0
1,2,1,,6,R_2o9kj7HViDuVEf7,2,14,1,1,0,1,-1,-1,-1,-1,0,0,-1,-1,0,1
1,2,1,,6,R_2o9kj7HViDuVEf7,2,10,0,1,1,0,0,0,0,0,1,0,-1,-1,1,0
1,2,1,,6,R_2o9kj7HViDuVEf7,1,16,0,1,0,0,1,0,0,1,0,0,1,0,0,1
1,2,1,,7,R_2z6b9llqwHj7cfn,1,24,0,1,1,0,0,0,0,1,0,0,1,0,-1,-1
1,2,1,,7,R_2z6b9llqwHj7cfn,2,2,0,0,0,0,1,0,0,1,0,0,-1,-1,0,1
1,2,1,,7,R_2z6b9llqwHj7cfn,2,27,1,0,0,0,0,1,0,0,1,0,-1,-1,0,1
1,2,1,,7,R_2z6b9llqwHj7cfn,1,25,0,1,0,1,0,0,1,0,0,0,1,0,-1,-1
1,2,1,,7,R_2z6b9llqwHj7cfn,1,26,0,1,1,0,-1,-1,-1,-1,0,0,-1,-1,1,0
1,2,1,,7,R_2z6b9llqwHj7cfn,2,17,1,0,0,0,1,0,0,1,0,0,-1,-1,1,0
1,2,1,,7,R_2z6b9llqwHj7cfn,1,11,0,1,0,0,1,0,1,0,0,0,0,1,1,0
1,2,1,,7,R_2z6b9llqwHj7cfn,2,4,1,0,-1,-1,-1,-1,1,0,0,0,0,1,1,0
1,2,1,,7,R_2z6b9llqwHj7cfn,2,30,0,1,-1,-1,-1,-1,0,1,0,0,1,0,0,1
1,2,1,,7,R_2z6b9llqwHj7cfn,2,5,0,1,0,0,0,1,0,0,1,0,1,0,0,1
1,3,2,,7,R_3FLkRv7E8QWITTs,2,27,1,0,0,0,0,1,0,0,1,0,-1,-1,0,1
1,3,2,,7,R_3FLkRv7E8QWITTs,2,11,0,1,0,0,1,0,1,0,0,0,0,1,1,0
1,3,2,,7,R_3FLkRv7E8QWITTs,1,25,0,1,0,1,0,0,1,0,0,0,1,0,-1,-1
1,3,2,,7,R_3FLkRv7E8QWITTs,2,26,0,1,1,0,-1,-1,-1,-1,0,0,-1,-1,1,0
1,3,2,,7,R_3FLkRv7E8QWITTs,1,17,1,0,0,0,1,0,0,1,0,0,-1,-1,1,0
1,3,2,,7,R_3FLkRv7E8QWITTs,1,24,0,1,1,0,0,0,0,1,0,0,1,0,-1,-1
1,3,2,,7,R_3FLkRv7E8QWITTs,2,30,0,1,-1,-1,-1,-1,0,1,0,0,1,0,0,1
1,3,2,,7,R_3FLkRv7E8QWITTs,2,4,1,0,-1,-1,-1,-1,1,0,0,0,0,1,1,0
1,3,2,,7,R_3FLkRv7E8QWITTs,1,5,0,1,0,0,0,1,0,0,1,0,1,0,0,1
1,3,2,,7,R_3FLkRv7E8QWITTs,1,2,0,0,0,0,1,0,0,1,0,0,-1,-1,0,1
1,2,2,,7,R_3JiE3zrcviFizyV,2,29,1,0,0,0,1,0,0,0,0,1,1,0,0,1
1,2,2,,7,R_3JiE3zrcviFizyV,2,7,1,0,0,0,1,0,0,1,0,0,1,0,-1,-1
1,2,2,,7,R_3JiE3zrcviFizyV,2,6,1,1,-1,-1,-1,-1,0,0,1,0,0,1,-1,-1
1,2,2,,7,R_3JiE3zrcviFizyV,1,19,1,0,1,0,-1,-1,-1,-1,0,0,1,0,-1,-1
1,2,2,,7,R_3JiE3zrcviFizyV,2,15,1,0,0,1,0,0,0,0,0,1,1,0,0,1
1,2,2,,7,R_3JiE3zrcviFizyV,1,9,1,0,1,0,0,0,0,0,0,1,0,1,1,0
1,2,2,,7,R_3JiE3zrcviFizyV,2,8,1,0,0,0,0,1,0,0,1,0,0,1,-1,-1
1,2,2,,7,R_3JiE3zrcviFizyV,2,23,1,0,-1,-1,-1,-1,0,0,0,1,-1,-1,-1,-1
1,2,2,,7,R_3JiE3zrcviFizyV,1,3,0,1,-1,-1,-1,-1,1,0,0,0,0,1,1,0
1,2,2,,7,R_3JiE3zrcviFizyV,1,1,1,1,0,0,0,1,1,0,0,0,0,1,-1,-1
1,3,2,,7,R_3uPNODK12nqWc46,2,12,1,0,0,1,0,0,1,0,0,0,1,0,0,1
1,3,2,,7,R_3uPNODK12nqWc46,2,21,0,1,-1,-1,-1,-1,0,0,0,1,0,1,0,1
1,3,2,,7,R_3uPNODK12nqWc46,1,14,1,1,0,1,-1,-1,-1,-1,0,0,-1,-1,0,1
1,3,2,,7,R_3uPNODK12nqWc46,1,13,0,0,0,1,-1,-1,-1,-1,0,0,0,1,-1,-1
1,3,2,,7,R_3uPNODK12nqWc46,2,28,0,1,0,1,0,0,0,0,0,1,-1,-1,1,0
1,3,2,,7,R_3uPNODK12nqWc46,1,18,0,0,0,0,-1,-1,-1,-1,0,0,-1,-1,1,0
1,3,2,,7,R_3uPNODK12nqWc46,1,20,0,1,1,0,-1,-1,-1,-1,0,0,0,1,-1,-1
1,3,2,,7,R_3uPNODK12nqWc46,2,22,1,0,0,0,0,1,0,0,1,0,-1,-1,1,0
1,3,2,,7,R_3uPNODK12nqWc46,1,16,0,1,0,0,1,0,0,1,0,0,1,0,0,1
1,3,2,,7,R_3uPNODK12nqWc46,1,10,0,1,1,0,0,0,0,0,1,0,-1,-1,1,0
1,2,2,,6,R_415Eu2rjZIBrJRa,1,7,1,0,0,0,1,0,0,1,0,0,1,0,-1,-1
1,2,2,,6,R_415Eu2rjZIBrJRa,1,29,1,0,0,0,1,0,0,0,0,1,1,0,0,1
1,2,2,,6,R_415Eu2rjZIBrJRa,2,15,1,0,0,1,0,0,0,0,0,1,1,0,0,1
1,2,2,,6,R_415Eu2rjZIBrJRa,2,6,1,1,-1,-1,-1,-1,0,0,1,0,0,1,-1,-1
1,2,2,,6,R_415Eu2rjZIBrJRa,1,9,1,0,1,0,0,0,0,0,0,1,0,1,1,0
1,2,2,,6,R_415Eu2rjZIBrJRa,1,19,1,0,1,0,-1,-1,-1,-1,0,0,1,0,-1,-1
1,2,2,,6,R_415Eu2rjZIBrJRa,2,1,1,1,0,0,0,1,1,0,0,0,0,1,-1,-1
1,2,2,,6,R_415Eu2rjZIBrJRa,2,8,1,0,0,0,0,1,0,0,1,0,0,1,-1,-1
1,2,2,,6,R_415Eu2rjZIBrJRa,2,3,0,1,-1,-1,-1,-1,1,0,0,0,0,1,1,0
1,2,2,,6,R_415Eu2rjZIBrJRa,2,23,1,0,-1,-1,-1,-1,0,0,0,1,-1,-1,-1,-1
2,3,5,,6,R_41XmgvYECxXjTbs,2,24,0,1,1,0,0,0,0,1,0,0,1,0,-1,-1
2,3,5,,6,R_41XmgvYECxXjTbs,1,11,0,1,0,0,1,0,1,0,0,0,0,1,1,0
2,3,5,,6,R_41XmgvYECxXjTbs,1,26,0,1,1,0,-1,-1,-1,-1,0,0,-1,-1,1,0
2,3,5,,6,R_41XmgvYECxXjTbs,1,27,1,0,0,0,0,1,0,0,1,0,-1,-1,0,1
2,3,5,,6,R_41XmgvYECxXjTbs,1,5,0,1,0,0,0,1,0,0,1,0,1,0,0,1
2,3,5,,6,R_41XmgvYECxXjTbs,2,2,0,0,0,0,1,0,0,1,0,0,-1,-1,0,1
2,3,5,,6,R_41XmgvYECxXjTbs,2,4,1,0,-1,-1,-1,-1,1,0,0,0,0,1,1,0
2,3,5,,6,R_41XmgvYECxXjTbs,1,17,1,0,0,0,1,0,0,1,0,0,-1,-1,1,0
2,3,5,,6,R_41XmgvYECxXjTbs,1,25,0,1,0,1,0,0,1,0,0,0,1,0,-1,-1
2,3,5,,6,R_41XmgvYECxXjTbs,1,30,0,1,-1,-1,-1,-1,0,1,0,0,1,0,0,1
1,4,2,,8,R_4S1QfKyIYsGxmz7,2,15,1,0,0,1,0,0,0,0,0,1,1,0,0,1
1,4,2,,8,R_4S1QfKyIYsGxmz7,2,9,1,0,1,0,0,0,0,0,0,1,0,1,1,0
1,4,2,,8,R_4S1QfKyIYsGxmz7,1,6,1,1,-1,-1,-1,-1,0,0,1,0,0,1,-1,-1
1,4,2,,8,R_4S1QfKyIYsGxmz7,2,29,1,0,0,0,1,0,0,0,0,1,1,0,0,1
1,4,2,,8,R_4S1QfKyIYsGxmz7,1,3,0,1,-1,-1,-1,-1,1,0,0,0,0,1,1,0
1,4,2,,8,R_4S1QfKyIYsGxmz7,2,23,1,0,-1,-1,-1,-1,0,0,0,1,-1,-1,-1,-1
1,4,2,,8,R_4S1QfKyIYsGxmz7,2,19,1,0,1,0,-1,-1,-1,-1,0,0,1,0,-1,-1
1,4,2,,8,R_4S1QfKyIYsGxmz7,2,1,1,1,0,0,0,1,1,0,0,0,0,1,-1,-1
1,4,2,,8,R_4S1QfKyIYsGxmz7,2,7,1,0,0,0,1,0,0,1,0,0,1,0,-1,-1
1,4,2,,8,R_4S1QfKyIYsGxmz7,2,8,1,0,0,0,0,1,0,0,1,0,0,1,-1,-1
1,2,2,,7,R_4VqAa7Nzfhxuxg3,2,21,0,1,-1,-1,-1,-1,0,0,0,1,0,1,0,1
1,2,2,,7,R_4VqAa7Nzfhxuxg3,1,18,0,0,0,0,-1,-1,-1,-1,0,0,-1,-1,1,0
1,2,2,,7,R_4VqAa7Nzfhxuxg3,1,16,0,1,0,0,1,0,0,1,0,0,1,0,0,1
1,2,2,,7,R_4VqAa7Nzfhxuxg3,2,14,1,1,0,1,-1,-1,-1,-1,0,0,-1,-1,0,1
1,2,2,,7,R_4VqAa7Nzfhxuxg3,2,28,0,1,0,1,0,0,0,0,0,1,-1,-1,1,0
1,2,2,,7,R_4VqAa7Nzfhxuxg3,2,12,1,0,0,1,0,0,1,0,0,0,1,0,0,1
1,2,2,,7,R_4VqAa7Nzfhxuxg3,2,10,0,1,1,0,0,0,0,0,1,0,-1,-1,1,0
1,2,2,,7,R_4VqAa7Nzfhxuxg3,1,22,1,0,0,0,0,1,0,0,1,0,-1,-1,1,0
1,2,2,,7,R_4VqAa7Nzfhxuxg3,2,13,0,0,0,1,-1,-1,-1,-1,0,0,0,1,-1,-1
1,2,2,,7,R_4VqAa7Nzfhxuxg3,1,20,0,1,1,0,-1,-1,-1,-1,0,0,0,1,-1,-1
1,4,2,,7,R_4cCmNQUY1g7vGyr,2,26,0,1,1,0,-1,-1,-1,-1,0,0,-1,-1,1,0
1,4,2,,7,R_4cCmNQUY1g7vGyr,2,17,1,0,0,0,1,0,0,1,0,0,-1,-1,1,0
1,4,2,,7,R_4cCmNQUY1g7vGyr,2,2,0,0,0,0,1,0,0,1,0,0,-1,-1,0,1
1,4,2,,7,R_4cCmNQUY1g7vGyr,1,24,0,1,1,0,0,0,0,1,0,0,1,0,-1,-1
1,4,2,,7,R_4cCmNQUY1g7vGyr,1,11,0,1,0,0,1,0,1,0,0,0,0,1,1,0
1,4,2,,7,R_4cCmNQUY1g7vGyr,2,27,1,0,0,0,0,1,0,0,1,0,-1,-1,0,1
1,4,2,,7,R_4cCmNQUY1g7vGyr,1,30,0,1,-1,-1,-1,-1,0,1,0,0,1,0,0,1
1,4,2,,7,R_4cCmNQUY1g7vGyr,2,4,1,0,-1,-1,-1,-1,1,0,0,0,0,1,1,0
1,4,2,,7,R_4cCmNQUY1g7vGyr,1,25,0,1,0,1,0,0,1,0,0,0,1,0,-1,-1
1,4,2,,7,R_4cCmNQUY1g7vGyr,2,5,0,1,0,0,0,1,0,0,1,0,1,0,0,1
1,5,2,,8,R_4jeoTyUr7FCq2UV,1,25,0,1,0,1,0,0,1,0,0,0,1,0,-1,-1
1,5,2,,8,R_4jeoTyUr7FCq2UV,2,5,0,1,0,0,0,1,0,0,1,0,1,0,0,1
1,5,2,,8,R_4jeoTyUr7FCq2UV,1,24,0,1,1,0,0,0,0,1,0,0,1,0,-1,-1
1,5,2,,8,R_4jeoTyUr7FCq2UV,2,4,1,0,-1,-1,-1,-1,1,0,0,0,0,1,1,0
1,5,2,,8,R_4jeoTyUr7FCq2UV,1,17,1,0,0,0,1,0,0,1,0,0,-1,-1,1,0
1,5,2,,8,R_4jeoTyUr7FCq2UV,2,27,1,0,0,0,0,1,0,0,1,0,-1,-1,0,1
1,5,2,,8,R_4jeoTyUr7FCq2UV,1,11,0,1,0,0,1,0,1,0,0,0,0,1,1,0
1,5,2,,8,R_4jeoTyUr7FCq2UV,1,26,0,1,1,0,-1,-1,-1,-1,0,0,-1,-1,1,0
1,5,2,,8,R_4jeoTyUr7FCq2UV,2,30,0,1,-1,-1,-1,-1,0,1,0,0,1,0,0,1
1,5,2,,8,R_4jeoTyUr7FCq2UV,1,2,0,0,0,0,1,0,0,1,0,0,-1,-1,0,1
1,2,1,,6,R_4tUQp4aScCIqNTX,1,18,0,0,0,0,-1,-1,-1,-1,0,0,-1,-1,1,0
1,2,1,,6,R_4tUQp4aScCIqNTX,1,10,0,1,1,0,0,0,0,0,1,0,-1,-1,1,0
1,2,1,,6,R_4tUQp4aScCIqNTX,1,13,0,0,0,1,-1,-1,-1,-1,0,0,0,1,-1,-1
1,2,1,,6,R_4tUQp4aScCIqNTX,2,21,0,1,-1,-1,-1,-1,0,0,0,1,0,1,0,1
1,2,1,,6,R_4tUQp4aScCIqNTX,2,28,0,1,0,1,0,0,0,0,0,1,-1,-1,1,0
1,2,1,,6,R_4tUQp4aScCIqNTX,2,12,1,0,0,1,0,0,1,0,0,0,1,0,0,1
1,2,1,,6,R_4tUQp4aScCIqNTX,1,22,1,0,0,0,0,1,0,0,1,0,-1,-1,1,0
1,2,1,,6,R_4tUQp4aScCIqNTX,1,20,0,1,1,0,-1,-1,-1,-1,0,0,0,1,-1,-1
1,2,1,,6,R_4tUQp4aScCIqNTX,1,16,0,1,0,0,1,0,0,1,0,0,1,0,0,1
1,2,1,,6,R_4tUQp4aScCIqNTX,1,14,1,1,0,1,-1,-1,-1,-1,0,0,-1,-1,0,1
1,3,2,,6,R_4ywirBJE9fh8LiV,2,17,1,0,0,0,1,0,0,1,0,0,-1,-1,1,0
1,3,2,,6,R_4ywirBJE9fh8LiV,2,2,0,0,0,0,1,0,0,1,0,0,-1,-1,0,1
1,3,2,,6,R_4ywirBJE9fh8LiV,1,4,1,0,-1,-1,-1,-1,1,0,0,0,0,1,1,0
1,3,2,,6,R_4ywirBJE9fh8LiV,2,30,0,1,-1,-1,-1,-1,0,1,0,0,1,0,0,1
1,3,2,,6,R_4ywirBJE9fh8LiV,2,27,1,0,0,0,0,1,0,0,1,0,-1,-1,0,1
1,3,2,,6,R_4ywirBJE9fh8LiV,1,11,0,1,0,0,1,0,1,0,0,0,0,1,1,0
1,3,2,,6,R_4ywirBJE9fh8LiV,1,25,0,1,0,1,0,0,1,0,0,0,1,0,-1,-1
1,3,2,,6,R_4ywirBJE9fh8LiV,1,24,0,1,1,0,0,0,0,1,0,0,1,0,-1,-1
1,3,2,,6,R_4ywirBJE9fh8LiV,2,5,0,1,0,0,0,1,0,0,1,0,1,0,0,1
1,3,2,,6,R_4ywirBJE9fh8LiV,2,26,0,1,1,0,-1,-1,-1,-1,0,0,-1,-1,1,0
1,2,2,,7,R_51hJIux52zIs2lW,1,18,0,0,0,0,-1,-1,-1,-1,0,0,-1,-1,1,0
1,2,2,,7,R_51hJIux52zIs2lW,1,13,0,0,0,1,-1,-1,-1,-1,0,0,0,1,-1,-1
1,2,2,,7,R_51hJIux52zIs2lW,2,10,0,1,1,0,0,0,0,0,1,0,-1,-1,1,0
1,2,2,,7,R_51hJIux52zIs2lW,1,14,1,1,0,1,-1,-1,-1,-1,0,0,-1,-1,0,1
1,2,2,,7,R_51hJIux52zIs2lW,1,20,0,1,1,0,-1,-1,-1,-1,0,0,0,1,-1,-1
1,2,2,,7,R_51hJIux52zIs2lW,2,12,1,0,0,1,0,0,1,0,0,0,1,0,0,1
1,2,2,,7,R_51hJIux52zIs2lW,1,22,1,0,0,0,0,1,0,0,1,0,-1,-1,1,0
1,2,2,,7,R_51hJIux52zIs2lW,1,16,0,1,0,0,1,0,0,1,0,0,1,0,0,1
1,2,2,,7,R_51hJIux52zIs2lW,2,21,0,1,-1,-1,-1,-1,0,0,0,1,0,1,0,1
1,2,2,,7,R_51hJIux52zIs2lW,2,28,0,1,0,1,0,0,0,0,0,1,-1,-1,1,0
1,4,5,,9,R_56b6tkM6DXmAe0l,2,12,1,0,0,1,0,0,1,0,0,0,1,0,0,1
1,4,5,,9,R_56b6tkM6DXmAe0l,1,13,0,0,0,1,-1,-1,-1,-1,0,0,0,1,-1,-1
1,4,5,,9,R_56b6tkM6DXmAe0l,2,28,0,1,0,1,0,0,0,0,0,1,-1,-1,1,0
1,4,5,,9,R_56b6tkM6DXmAe0l,1,14,1,1,0,1,-1,-1,-1,-1,0,0,-1,-1,0,1
1,4,5,,9,R_56b6tkM6DXmAe0l,1,10,0,1,1,0,0,0,0,0,1,0,-1,-1,1,0
1,4,5,,9,R_56b6tkM6DXmAe0l,2,21,0,1,-1,-1,-1,-1,0,0,0,1,0,1,0,1
1,4,5,,9,R_56b6tkM6DXmAe0l,1,16,0,1,0,0,1,0,0,1,0,0,1,0,0,1
1,4,5,,9,R_56b6tkM6DXmAe0l,1,18,0,0,0,0,-1,-1,-1,-1,0,0,-1,-1,1,0
1,4,5,,9,R_56b6tkM6DXmAe0l,1,22,1,0,0,0,0,1,0,0,1,0,-1,-1,1,0
1,4,5,,9,R_56b6tkM6DXmAe0l,1,20,0,1,1,0,-1,-1,-1,-1,0,0,0,1,-1,-1
1,2,2,,7,R_5FapM0CqiNVPm2s,1,25,0,1,0,1,0,0,1,0,0,0,1,0,-1,-1
1,2,2,,7,R_5FapM0CqiNVPm2s,1,24,0,1,1,0,0,0,0,1,0,0,1,0,-1,-1
1,2,2,,7,R_5FapM0CqiNVPm2s,2,4,1,0,-1,-1,-1,-1,1,0,0,0,0,1,1,0
1,2,2,,7,R_5FapM0CqiNVPm2s,1,2,0,0,0,0,1,0,0,1,0,0,-1,-1,0,1
1,2,2,,7,R_5FapM0CqiNVPm2s,1,5,0,1,0,0,0,1,0,0,1,0,1,0,0,1
1,2,2,,7,R_5FapM0CqiNVPm2s,2,11,0,1,0,0,1,0,1,0,0,0,0,1,1,0
1,2,2,,7,R_5FapM0CqiNVPm2s,1,26,0,1,1,0,-1,-1,-1,-1,0,0,-1,-1,1,0
1,2,2,,7,R_5FapM0CqiNVPm2s,1,30,0,1,-1,-1,-1,-1,0,1,0,0,1,0,0,1
1,2,2,,7,R_5FapM0CqiNVPm2s,1,27,1,0,0,0,0,1,0,0,1,0,-1,-1,0,1
1,2,2,,7,R_5FapM0CqiNVPm2s,2,17,1,0,0,0,1,0,0,1,0,0,-1,-1,1,0
2,3,5,,8,R_5KTRUzfVFZDt5as,1,3,0,1,-1,-1,-1,-1,1,0,0,0,0,1,1,0
2,3,5,,8,R_5KTRUzfVFZDt5as,1,8,1,0,0,0,0,1,0,0,1,0,0,1,-1,-1
2,3,5,,8,R_5KTRUzfVFZDt5as,2,7,1,0,0,0,1,0,0,1,0,0,1,0,-1,-1
2,3,5,,8,R_5KTRUzfVFZDt5as,1,9,1,0,1,0,0,0,0,0,0,1,0,1,1,0
2,3,5,,8,R_5KTRUzfVFZDt5as,2,29,1,0,0,0,1,0,0,0,0,1,1,0,0,1
2,3,5,,8,R_5KTRUzfVFZDt5as,2,15,1,0,0,1,0,0,0,0,0,1,1,0,0,1
2,3,5,,8,R_5KTRUzfVFZDt5as,2,6,1,1,-1,-1,-1,-1,0,0,1,0,0,1,-1,-1
2,3,5,,8,R_5KTRUzfVFZDt5as,1,19,1,0,1,0,-1,-1,-1,-1,0,0,1,0,-1,-1
2,3,5,,8,R_5KTRUzfVFZDt5as,2,23,1,0,-1,-1,-1,-1,0,0,0,1,-1,-1,-1,-1
2,3,5,,8,R_5KTRUzfVFZDt5as,1,1,1,1,0,0,0,1,1,0,0,0,0,1,-1,-1
1,3,2,,7,R_5MWKl2N05yaY3zX,1,7,1,0,0,0,1,0,0,1,0,0,1,0,-1,-1
1,3,2,,7,R_5MWKl2N05yaY3zX,2,9,1,0,1,0,0,0,0,0,0,1,0,1,1,0
1,3,2,,7,R_5MWKl2N05yaY3zX,2,15,1,0,0,1,0,0,0,0,0,1,1,0,0,1
1,3,2,,7,R_5MWKl2N05yaY3zX,2,6,1,1,-1,-1,-1,-1,0,0,1,0,0,1,-1,-1
1,3,2,,7,R_5MWKl2N05yaY3zX,2,8,1,0,0,0,0,1,0,0,1,0,0,1,-1,-1
1,3,2,,7,R_5MWKl2N05yaY3zX,1,19,1,0,1,0,-1,-1,-1,-1,0,0,1,0,-1,-1
1,3,2,,7,R_5MWKl2N05yaY3zX,2,29,1,0,0,0,1,0,0,0,0,1,1,0,0,1
1,3,2,,7,R_5MWKl2N05yaY3zX,2,23,1,0,-1,-1,-1,-1,0,0,0,1,-1,-1,-1,-1
1,3,2,,7,R_5MWKl2N05yaY3zX,2,1,1,1,0,0,0,1,1,0,0,0,0,1,-1,-1
1,3,2,,7,R_5MWKl2N05yaY3zX,2,3,0,1,-1,-1,-1,-1,1,0,0,0,0,1,1,0
1,2,1,,7,R_5Na5XNlZKeLGJAR,1,26,0,1,1,0,-1,-1,-1,-1,0,0,-1,-1,1,0
1,2,1,,7,R_5Na5XNlZKeLGJAR,2,2,0,0,0,0,1,0,0,1,0,0,-1,-1,0,1
1,2,1,,7,R_5Na5XNlZKeLGJAR,2,17,1,0,0,0,1,0,0,1,0,0,-1,-1,1,0
1,2,1,,7,R_5Na5XNlZKeLGJAR,1,5,0,1,0,0,0,1,0,0,1,0,1,0,0,1
1,2,1,,7,R_5Na5XNlZKeLGJAR,2,27,1,0,0,0,0,1,0,0,1,0,-1,-1,0,1
1,2,1,,7,R_5Na5XNlZKeLGJAR,1,24,0,1,1,0,0,0,0,1,0,0,1,0,-1,-1
1,2,1,,7,R_5Na5XNlZKeLGJAR,1,11,0,1,0,0,1,0,1,0,0,0,0,1,1,0
1,2,1,,7,R_5Na5XNlZKeLGJAR,2,4,1,0,-1,-1,-1,-1,1,0,0,0,0,1,1,0
1,2,1,,7,R_5Na5XNlZKeLGJAR,2,30,0,1,-1,-1,-1,-1,0,1,0,0,1,0,0,1
1,2,1,,7,R_5Na5XNlZKeLGJAR,1,25,0,1,0,1,0,0,1,0,0,0,1,0,-1,-1
1,2,1,,6,R_5xRTAlhCmPuLF9D,1,24,0,1,1,0,0,0,0,1,0,0,1,0,-1,-1
1,2,1,,6,R_5xRTAlhCmPuLF9D,2,25,0,1,0,1,0,0,1,0,0,0,1,0,-1,-1
1,2,1,,6,R_5xRTAlhCmPuLF9D,1,5,0,1,0,0,0,1,0,0,1,0,1,0,0,1
1,2,1,,6,R_5xRTAlhCmPuLF9D,2,4,1,0,-1,-1,-1,-1,1,0,0,0,0,1,1,0
1,2,1,,6,R_5xRTAlhCmPuLF9D,1,30,0,1,-1,-1,-1,-1,0,1,0,0,1,0,0,1
1,2,1,,6,R_5xRTAlhCmPuLF9D,1,11,0,1,0,0,1,0,1,0,0,0,0,1,1,0
1,2,1,,6,R_5xRTAlhCmPuLF9D,2,17,1,0,0,0,1,0,0,1,0,0,-1,-1,1,0
1,2,1,,6,R_5xRTAlhCmPuLF9D,2,26,0,1,1,0,-1,-1,-1,-1,0,0,-1,-1,1,0
1,2,1,,6,R_5xRTAlhCmPuLF9D,1,2,0,0,0,0,1,0,0,1,0,0,-1,-1,0,1
1,2,1,,6,R_5xRTAlhCmPuLF9D,2,27,1,0,0,0,0,1,0,0,1,0,-1,-1,0,1
2,3,2,,8,R_6HMLmOsTVnvkMMn,1,5,0,1,0,0,0,1,0,0,1,0,1,0,0,1
2,3,2,,8,R_6HMLmOsTVnvkMMn,1,24,0,1,1,0,0,0,0,1,0,0,1,0,-1,-1
2,3,2,,8,R_6HMLmOsTVnvkMMn,2,27,1,0,0,0,0,1,0,0,1,0,-1,-1,0,1
2,3,2,,8,R_6HMLmOsTVnvkMMn,2,30,0,1,-1,-1,-1,-1,0,1,0,0,1,0,0,1
2,3,2,,8,R_6HMLmOsTVnvkMMn,2,4,1,0,-1,-1,-1,-1,1,0,0,0,0,1,1,0
2,3,2,,8,R_6HMLmOsTVnvkMMn,2,17,1,0,0,0,1,0,0,1,0,0,-1,-1,1,0
2,3,2,,8,R_6HMLmOsTVnvkMMn,1,25,0,1,0,1,0,0,1,0,0,0,1,0,-1,-1
2,3,2,,8,R_6HMLmOsTVnvkMMn,1,11,0,1,0,0,1,0,1,0,0,0,0,1,1,0
2,3,2,,8,R_6HMLmOsTVnvkMMn,1,26,0,1,1,0,-1,-1,-1,-1,0,0,-1,-1,1,0
2,3,2,,8,R_6HMLmOsTVnvkMMn,1,2,0,0,0,0,1,0,0,1,0,0,-1,-1,0,1
1,2,1,,6,R_6Pbs1em12LINhst,2,10,0,1,1,0,0,0,0,0,1,0,-1,-1,1,0
1,2,1,,6,R_6Pbs1em12LINhst,1,20,0,1,1,0,-1,-1,-1,-1,0,0,0,1,-1,-1
1,2,1,,6,R_6Pbs1em12LINhst,2,28,0,1,0,1,0,0,0,0,0,1,-1,-1,1,0
1,2,1,,6,R_6Pbs1em12LINhst,2,22,1,0,0,0,0,1,0,0,1,0,-1,-1,1,0
1,2,1,,6,R_6Pbs1em12LINhst,1,13,0,0,0,1,-1,-1,-1,-1,0,0,0,1,-1,-1
1,2,1,,6,R_6Pbs1em12LINhst,1,18,0,0,0,0,-1,-1,-1,-1,0,0,-1,-1,1,0
1,2,1,,6,R_6Pbs1em12LINhst,2,21,0,1,-1,-1,-1,-1,0,0,0,1,0,1,0,1
1,2,1,,6,R_6Pbs1em12LINhst,2,12,1,0,0,1,0,0,1,0,0,0,1,0,0,1
1,2,1,,6,R_6Pbs1em12LINhst,1,16,0,1,0,0,1,0,0,1,0,0,1,0,0,1
1,2,1,,6,R_6Pbs1em12LINhst,1,14,1,1,0,1,-1,-1,-1,-1,0,0,-1,-1,0,1
1,5,1,,7,R_6imKcQGeCTt0jqH,2,4,1,0,-1,-1,-1,-1,1,0,0,0,0,1,1,0
1,5,1,,7,R_6imKcQGeCTt0jqH,1,27,1,0,0,0,0,1,0,0,1,0,-1,-1,0,1
1,5,1,,7,R_6imKcQGeCTt0jqH,1,26,0,1,1,0,-1,-1,-1,-1,0,0,-1,-1,1,0
1,5,1,,7,R_6imKcQGeCTt0jqH,1,5,0,1,0,0,0,1,0,0,1,0,1,0,0,1
1,5,1,,7,R_6imKcQGeCTt0jqH,1,17,1,0,0,0,1,0,0,1,0,0,-1,-1,1,0
1,5,1,,7,R_6imKcQGeCTt0jqH,2,25,0,1,0,1,0,0,1,0,0,0,1,0,-1,-1
1,5,1,,7,R_6imKcQGeCTt0jqH,2,30,0,1,-1,-1,-1,-1,0,1,0,0,1,0,0,1
1,5,1,,7,R_6imKcQGeCTt0jqH,2,2,0,0,0,0,1,0,0,1,0,0,-1,-1,0,1
1,5,1,,7,R_6imKcQGeCTt0jqH,1,11,0,1,0,0,1,0,1,0,0,0,0,1,1,0
1,5,1,,7,R_6imKcQGeCTt0jqH,1,24,0,1,1,0,0,0,0,1,0,0,1,0,-1,-1
1,5,2,,6,R_6lp6y1To8DCxsLT,1,1,1,1,0,0,0,1,1,0,0,0,0,1,-1,-1
1,5,2,,6,R_6lp6y1To8DCxsLT,2,8,1,0,0,0,0,1,0,0,1,0,0,1,-1,-1
1,5,2,,6,R_6lp6y1To8DCxsLT,2,15,1,0,0,1,0,0,0,0,0,1,1,0,0,1
1,5,2,,6,R_6lp6y1To8DCxsLT,2,7,1,0,0,0,1,0,0,1,0,0,1,0,-1,-1
1,5,2,,6,R_6lp6y1To8DCxsLT,2,6,1,1,-1,-1,-1,-1,0,0,1,0,0,1,-1,-1
1,5,2,,6,R_6lp6y1To8DCxsLT,1,9,1,0,1,0,0,0,0,0,0,1,0,1,1,0
1,5,2,,6,R_6lp6y1To8DCxsLT,2,19,1,0,1,0,-1,-1,-1,-1,0,0,1,0,-1,-1
1,5,2,,6,R_6lp6y1To8DCxsLT,1,3,0,1,-1,-1,-1,-1,1,0,0,0,0,1,1,0
1,5,2,,6,R_6lp6y1To8DCxsLT,2,23,1,0,-1,-1,-1,-1,0,0,0,1,-1,-1,-1,-1
1,5,2,,6,R_6lp6y1To8DCxsLT,2,29,1,0,0,0,1,0,0,0,0,1,1,0,0,1
1,4,1,,8,R_7FwUFEa8pC5nosR,2,14,1,1,0,1,-1,-1,-1,-1,0,0,-1,-1,0,1
1,4,1,,8,R_7FwUFEa8pC5nosR,1,20,0,1,1,0,-1,-1,-1,-1,0,0,0,1,-1,-1
1,4,1,,8,R_7FwUFEa8pC5nosR,2,18,0,0,0,0,-1,-1,-1,-1,0,0,-1,-1,1,0
1,4,1,,8,R_7FwUFEa8pC5nosR,2,10,0,1,1,0,0,0,0,0,1,0,-1,-1,1,0
1,4,1,,8,R_7FwUFEa8pC5nosR,2,28,0,1,0,1,0,0,0,0,0,1,-1,-1,1,0
1,4,1,,8,R_7FwUFEa8pC5nosR,1,13,0,0,0,1,-1,-1,-1,-1,0,0,0,1,-1,-1
1,4,1,,8,R_7FwUFEa8pC5nosR,2,22,1,0,0,0,0,1,0,0,1,0,-1,-1,1,0
1,4,1,,8,R_7FwUFEa8pC5nosR,1,21,0,1,-1,-1,-1,-1,0,0,0,1,0,1,0,1
1,4,1,,8,R_7FwUFEa8pC5nosR,1,16,0,1,0,0,1,0,0,1,0,0,1,0,0,1
1,4,1,,8,R_7FwUFEa8pC5nosR,2,12,1,0,0,1,0,0,1,0,0,0,1,0,0,1
1,2,1,,6,R_7QhV5v06uzdShXQ,1,28,0,1,0,1,0,0,0,0,0,1,-1,-1,1,0
1,2,1,,6,R_7QhV5v06uzdShXQ,2,22,1,0,0,0,0,1,0,0,1,0,-1,-1,1,0
1,2,1,,6,R_7QhV5v06uzdShXQ,2,18,0,0,0,0,-1,-1,-1,-1,0,0,-1,-1,1,0
1,2,1,,6,R_7QhV5v06uzdShXQ,1,20,0,1,1,0,-1,-1,-1,-1,0,0,0,1,-1,-1
1,2,1,,6,R_7QhV5v06uzdShXQ,2,12,1,0,0,1,0,0,1,0,0,0,1,0,0,1
1,2,1,,6,R_7QhV5v06uzdShXQ,1,16,0,1,0,0,1,0,0,1,0,0,1,0,0,1
1,2,1,,6,R_7QhV5v06uzdShXQ,1,14,1,1,0,1,-1,-1,-1,-1,0,0,-1,-1,0,1
1,2,1,,6,R_7QhV5v06uzdShXQ,1,10,0,1,1,0,0,0,0,0,1,0,-1,-1,1,0
1,2,1,,6,R_7QhV5v06uzdShXQ,1,13,0,0,0,1,-1,-1,-1,-1,0,0,0,1,-1,-1
1,2,1,,6,R_7QhV5v06uzdShXQ,2,21,0,1,-1,-1,-1,-1,0,0,0,1,0,1,0,1
1,3,1,,7,R_7f8rUb2vAFaWhsV,1,25,0,1,0,1,0,0,1,0,0,0,1,0,-1,-1
1,3,1,,7,R_7f8rUb2vAFaWhsV,1,26,0,1,1,0,-1,-1,-1,-1,0,0,-1,-1,1,0
1,3,1,,7,R_7f8rUb2vAFaWhsV,2,27,1,0,0,0,0,1,0,0,1,0,-1,-1,0,1
1,3,1,,7,R_7f8rUb2vAFaWhsV,1,24,0,1,1,0,0,0,0,1,0,0,1,0,-1,-1
1,3,1,,7,R_7f8rUb2vAFaWhsV,2,5,0,1,0,0,0,1,0,0,1,0,1,0,0,1
1,3,1,,7,R_7f8rUb2vAFaWhsV,1,11,0,1,0,0,1,0,1,0,0,0,0,1,1,0
1,3,1,,7,R_7f8rUb2vAFaWhsV,2,4,1,0,-1,-1,-1,-1,1,0,0,0,0,1,1,0
1,3,1,,7,R_7f8rUb2vAFaWhsV,1,2,0,0,0,0,1,0,0,1,0,0,-1,-1,0,1
1,3,1,,7,R_7f8rUb2vAFaWhsV,2,30,0,1,-1,-1,-1,-1,0,1,0,0,1,0,0,1
1,3,1,,7,R_7f8rUb2vAFaWhsV,1,17,1,0,0,0,1,0,0,1,0,0,-1,-1,1,0
1,6,4,King,8,R_82sGpTrACmsk2mN,2,19,1,0,1,0,-1,-1,-1,-1,0,0,1,0,-1,-1
1,6,4,King,8,R_82sGpTrACmsk2mN,2,29,1,0,0,0,1,0,0,0,0,1,1,0,0,1
1,6,4,King,8,R_82sGpTrACmsk2mN,1,23,1,0,-1,-1,-1,-1,0,0,0,1,-1,-1,-1,-1
1,6,4,King,8,R_82sGpTrACmsk2mN,1,3,0,1,-1,-1,-1,-1,1,0,0,0,0,1,1,0
1,6,4,King,8,R_82sGpTrACmsk2mN,2,9,1,0,1,0,0,0,0,0,0,1,0,1,1,0
1,6,4,King,8,R_82sGpTrACmsk2mN,1,6,1,1,-1,-1,-1,-1,0,0,1,0,0,1,-1,-1
1,6,4,King,8,R_82sGpTrACmsk2mN,1,1,1,1,0,0,0,1,1,0,0,0,0,1,-1,-1
1,6,4,King,8,R_82sGpTrACmsk2mN,1,8,1,0,0,0,0,1,0,0,1,0,0,1,-1,-1
1,6,4,King,8,R_82sGpTrACmsk2mN,2,7,1,0,0,0,1,0,0,1,0,0,1,0,-1,-1
1,6,4,King,8,R_82sGpTrACmsk2mN,1,15,1,0,0,1,0,0,0,0,0,1,1,0,0,1
1,2,1,,4,R_8KUhR8zqFKIa09G,1,7,1,0,0,0,1,0,0,1,0,0,1,0,-1,-1
1,2,1,,4,R_8KUhR8zqFKIa09G,2,3,0,1,-1,-1,-1,-1,1,0,0,0,0,1,1,0
1,2,1,,4,R_8KUhR8zqFKIa09G,1,6,1,1,-1,-1,-1,-1,0,0,1,0,0,1,-1,-1
1,2,1,,4,R_8KUhR8zqFKIa09G,2,29,1,0,0,0,1,0,0,0,0,1,1,0,0,1
1,2,1,,4,R_8KUhR8zqFKIa09G,2,1,1,1,0,0,0,1,1,0,0,0,0,1,-1,-1
1,2,1,,4,R_8KUhR8zqFKIa09G,2,19,1,0,1,0,-1,-1,-1,-1,0,0,1,0,-1,-1
1,2,1,,4,R_8KUhR8zqFKIa09G,2,8,1,0,0,0,0,1,0,0,1,0,0,1,-1,-1
1,2,1,,4,R_8KUhR8zqFKIa09G,2,9,1,0,1,0,0,0,0,0,0,1,0,1,1,0
1,2,1,,4,R_8KUhR8zqFKIa09G,2,15,1,0,0,1,0,0,0,0,0,1,1,0,0,1
1,2,1,,4,R_8KUhR8zqFKIa09G,2,23,1,0,-1,-1,-1,-1,0,0,0,1,-1,-1,-1,-1
2,4,2,,4,R_8aE7wZbzOR8usfg,1,30,0,1,-1,-1,-1,-1,0,1,0,0,1,0,0,1
2,4,2,,4,R_8aE7wZbzOR8usfg,1,27,1,0,0,0,0,1,0,0,1,0,-1,-1,0,1
2,4,2,,4,R_8aE7wZbzOR8usfg,1,11,0,1,0,0,1,0,1,0,0,0,0,1,1,0
2,4,2,,4,R_8aE7wZbzOR8usfg,2,5,0,1,0,0,0,1,0,0,1,0,1,0,0,1
2,4,2,,4,R_8aE7wZbzOR8usfg,2,4,1,0,-1,-1,-1,-1,1,0,0,0,0,1,1,0
2,4,2,,4,R_8aE7wZbzOR8usfg,1,26,0,1,1,0,-1,-1,-1,-1,0,0,-1,-1,1,0
2,4,2,,4,R_8aE7wZbzOR8usfg,2,2,0,0,0,0,1,0,0,1,0,0,-1,-1,0,1
2,4,2,,4,R_8aE7wZbzOR8usfg,2,17,1,0,0,0,1,0,0,1,0,0,-1,-1,1,0
2,4,2,,4,R_8aE7wZbzOR8usfg,2,24,0,1,1,0,0,0,0,1,0,0,1,0,-1,-1
2,4,2,,4,R_8aE7wZbzOR8usfg,1,25,0,1,0,1,0,0,1,0,0,0,1,0,-1,-1
1,2,1,,6,R_8g6yQaVwn9bolrj,1,18,0,0,0,0,-1,-1,-1,-1,0,0,-1,-1,1,0
1,2,1,,6,R_8g6yQaVwn9bolrj,1,10,0,1,1,0,0,0,0,0,1,0,-1,-1,1,0
1,2,1,,6,R_8g6yQaVwn9bolrj,2,12,1,0,0,1,0,0,1,0,0,0,1,0,0,1
1,2,1,,6,R_8g6yQaVwn9bolrj,1,14,1,1,0,1,-1,-1,-1,-1,0,0,-1,-1,0,1
1,2,1,,6,R_8g6yQaVwn9bolrj,1,13,0,0,0,1,-1,-1,-1,-1,0,0,0,1,-1,-1
1,2,1,,6,R_8g6yQaVwn9bolrj,2,28,0,1,0,1,0,0,0,0,0,1,-1,-1,1,0
1,2,1,,6,R_8g6yQaVwn9bolrj,1,20,0,1,1,0,-1,-1,-1,-1,0,0,0,1,-1,-1
1,2,1,,6,R_8g6yQaVwn9bolrj,1,16,0,1,0,0,1,0,0,1,0,0,1,0,0,1
1,2,1,,6,R_8g6yQaVwn9bolrj,1,21,0,1,-1,-1,-1,-1,0,0,0,1,0,1,0,1
1,2,1,,6,R_8g6yQaVwn9bolrj,2,22,1,0,0,0,0,1,0,0,1,0,-1,-1,1,0
1,2,2,,4,R_8i5BYKUfLL8Zrpf,2,29,1,0,0,0,1,0,0,0,0,1,1,0,0,1
1,2,2,,4,R_8i5BYKUfLL8Zrpf,2,23,1,0,-1,-1,-1,-1,0,0,0,1,-1,-1,-1,-1
1,2,2,,4,R_8i5BYKUfLL8Zrpf,1,19,1,0,1,0,-1,-1,-1,-1,0,0,1,0,-1,-1
1,2,2,,4,R_8i5BYKUfLL8Zrpf,2,1,1,1,0,0,0,1,1,0,0,0,0,1,-1,-1
1,2,2,,4,R_8i5BYKUfLL8Zrpf,1,9,1,0,1,0,0,0,0,0,0,1,0,1,1,0
1,2,2,,4,R_8i5BYKUfLL8Zrpf,2,15,1,0,0,1,0,0,0,0,0,1,1,0,0,1
1,2,2,,4,R_8i5BYKUfLL8Zrpf,2,8,1,0,0,0,0,1,0,0,1,0,0,1,-1,-1
1,2,2,,4,R_8i5BYKUfLL8Zrpf,1,7,1,0,0,0,1,0,0,1,0,0,1,0,-1,-1
1,2,2,,4,R_8i5BYKUfLL8Zrpf,2,6,1,1,-1,-1,-1,-1,0,0,1,0,0,1,-1,-1
1,2,2,,4,R_8i5BYKUfLL8Zrpf,1,3,0,1,-1,-1,-1,-1,1,0,0,0,0,1,1,0
1,5,5,,7,R_8zHCVRrrW11iEpt,2,22,1,0,0,0,0,1,0,0,1,0,-1,-1,1,0
1,5,5,,7,R_8zHCVRrrW11iEpt,1,20,0,1,1,0,-1,-1,-1,-1,0,0,0,1,-1,-1
1,5,5,,7,R_8zHCVRrrW11iEpt,2,14,1,1,0,1,-1,-1,-1,-1,0,0,-1,-1,0,1
1,5,5,,7,R_8zHCVRrrW11iEpt,1,12,1,0,0,1,0,0,1,0,0,0,1,0,0,1
1,5,5,,7,R_8zHCVRrrW11iEpt,2,18,0,0,0,0,-1,-1,-1,-1,0,0,-1,-1,1,0
1,5,5,,7,R_8zHCVRrrW11iEpt,1,21,0,1,-1,-1,-1,-1,0,0,0,1,0,1,0,1
1,5,5,,7,R_8zHCVRrrW11iEpt,1,28,0,1,0,1,0,0,0,0,0,1,-1,-1,1,0
1,5,5,,7,R_8zHCVRrrW11iEpt,1,10,0,1,1,0,0,0,0,0,1,0,-1,-1,1,0
1,5,5,,7,R_8zHCVRrrW11iEpt,1,13,0,0,0,1,-1,-1,-1,-1,0,0,0,1,-1,-1
1,5,5,,7,R_8zHCVRrrW11iEpt,1,16,0,1,0,0,1,0,0,1,0,0,1,0,0,1
